[
    [
        0.9656552076339722,
        0.6175857782363892,
        0.405937135219574
    ],
    [
        0.6343076229095459,
        0.055870067328214645
    ],
    [
        0.19998347759246826,
        0.11178197711706161
    ],
    [
        0.17358630895614624,
        0.0845363438129425
    ],
    [
        0.9857684969902039,
        0.46818336844444275
    ],
    [
        0.019961444661021233,
        0.006195118185132742
    ],
    [
        0.3728460371494293,
        0.011279168538749218
    ],
    [
        0.911777675151825,
        0.9069063663482666,
        0.90129554271698,
        0.6737293601036072,
        0.44301778078079224
    ],
    [
        0.9961457252502441,
        0.9221541881561279,
        0.3954603672027588,
        0.3915289640426636,
        0.32484927773475647
    ],
    [
        0.9976165294647217,
        0.9947221279144287,
        0.9753459095954895,
        0.8357548713684082,
        0.6678524613380432,
        0.406440794467926,
        0.35980576276779175,
        0.35836225748062134,
        0.29566603899002075,
        0.2683941125869751
    ],
    [
        0.16581052541732788,
        0.0032960481476038694
    ],
    [
        0.5445033311843872,
        0.02404467761516571
    ],
    [
        0.7940766215324402,
        0.7523490190505981,
        0.7438126802444458,
        0.2600299119949341
    ],
    [
        0.06739063560962677,
        0.06287670135498047
    ],
    [
        0.008387227542698383,
        0.002702088328078389
    ],
    [
        0.009091840125620365,
        0.0036138836294412613
    ],
    [
        0.8368873596191406,
        0.816693127155304,
        0.5647481679916382
    ],
    [
        0.6107622981071472,
        0.03856184333562851
    ],
    [
        0.10700081288814545,
        0.09666668623685837
    ],
    [
        0.9827766418457031,
        0.8069465756416321,
        0.7819861769676208,
        0.31554222106933594,
        0.30419492721557617,
        0.30032995343208313
    ],
    [
        0.979917585849762,
        0.9699716567993164
    ],
    [
        0.0866943746805191,
        0.03987490385770798
    ],
    [
        0.014819183386862278,
        0.010948898270726204
    ],
    [
        0.06832270324230194,
        0.03862358629703522
    ],
    [
        0.004588988143950701,
        0.003546102438122034
    ],
    [
        0.19973862171173096,
        0.09092022478580475
    ],
    [
        0.9944419264793396,
        0.9573089480400085,
        0.9168044924736023,
        0.7406231164932251,
        0.6336824893951416,
        0.41421496868133545,
        0.3858642280101776,
        0.3555724620819092
    ],
    [
        0.2560959458351135,
        0.08863414824008942
    ],
    [
        0.9976735711097717,
        0.9944650530815125,
        0.9374651908874512
    ],
    [
        0.020761758089065552,
        0.0006719332886859775
    ],
    [
        0.000691077031660825,
        0.00043393002124503255
    ],
    [
        0.07413497567176819,
        0.03173350915312767
    ],
    [
        0.6918893456459045,
        0.004187388811260462
    ],
    [
        0.8180957436561584,
        0.5094868540763855
    ],
    [
        0.9941523671150208,
        0.9604249596595764,
        0.9455671310424805,
        0.9005892872810364,
        0.7434485554695129,
        0.7115727066993713
    ],
    [
        0.576280951499939,
        0.5074152946472168
    ],
    [
        0.19933445751667023,
        0.025671042501926422
    ],
    [
        0.03975493833422661,
        0.016525255516171455
    ],
    [
        0.03612709045410156,
        0.021190358325839043
    ],
    [
        0.03509734570980072,
        0.01219934318214655
    ],
    [
        0.0707179605960846,
        0.002607680857181549
    ],
    [
        0.867015540599823,
        0.5463258028030396
    ],
    [
        0.9451895356178284,
        0.6066007018089294,
        0.2733500599861145
    ],
    [
        0.25218603014945984,
        0.10793617367744446
    ],
    [
        0.9997054934501648,
        0.9889350533485413,
        0.9753556847572327,
        0.9472951292991638,
        0.892382025718689,
        0.8568782210350037,
        0.7609373927116394,
        0.5319861769676208,
        0.36419448256492615,
        0.25490036606788635
    ],
    [
        0.39014726877212524,
        0.001482641906477511
    ],
    [
        0.9970996379852295,
        0.9652830362319946,
        0.922374427318573,
        0.8832947015762329,
        0.3341963291168213
    ],
    [
        0.28189846873283386,
        0.0851915255188942
    ],
    [
        0.38984033465385437,
        0.08817988634109497
    ],
    [
        0.9569381475448608,
        0.9124104976654053,
        0.7340044975280762,
        0.37638068199157715
    ],
    [
        0.16885069012641907,
        0.01702059991657734
    ],
    [
        0.06451046466827393,
        0.005387933924794197
    ],
    [
        0.3792772889137268,
        0.02474849298596382
    ],
    [
        0.9527369737625122,
        0.1810818463563919
    ],
    [
        0.10851261764764786,
        0.03517156094312668
    ],
    [
        0.18265362083911896,
        0.08841449022293091
    ],
    [
        0.004453275352716446,
        0.0014965927693992853
    ],
    [
        0.0005534724332392216,
        0.00011473079212009907
    ],
    [
        0.30810385942459106,
        0.17515815794467926
    ],
    [
        0.0019138787174597383,
        0.0007159726810641587
    ],
    [
        0.5860737562179565,
        0.42770272493362427
    ],
    [
        0.958853006362915,
        0.2737325429916382,
        0.2512447237968445
    ],
    [
        0.11334984004497528,
        0.11247467994689941
    ],
    [
        0.006276584696024656,
        0.0007355756242759526
    ],
    [
        0.13333754241466522,
        0.09321387112140656
    ],
    [
        0.3435720205307007,
        0.09455377608537674
    ],
    [
        0.9986476302146912,
        0.9860333800315857,
        0.9722632765769958,
        0.9696886539459229,
        0.8307173848152161,
        0.6533742547035217,
        0.6523186564445496,
        0.4319135248661041,
        0.34742042422294617
    ],
    [
        0.9976636171340942,
        0.9932836294174194,
        0.9891102910041809,
        0.6626227498054504,
        0.42309340834617615
    ],
    [
        0.10680583119392395,
        0.08776161819696426
    ],
    [
        0.5648728609085083,
        0.2701623737812042
    ],
    [
        0.990013599395752,
        0.9591880440711975
    ],
    [
        0.9898287653923035,
        0.963261604309082,
        0.6246919631958008
    ],
    [
        0.951743483543396,
        0.8526475429534912,
        0.8104878664016724,
        0.6993778944015503,
        0.40906190872192383,
        0.3248210549354553
    ],
    [
        0.11241556704044342,
        0.010319762863218784
    ],
    [
        0.21344667673110962,
        0.027823345735669136
    ],
    [
        0.00046980203478597105,
        8.519963739672676e-05
    ],
    [
        0.009378829039633274,
        0.00908476673066616
    ],
    [
        0.15934887528419495,
        0.07253780961036682
    ],
    [
        0.169159397482872,
        0.0033704142551869154
    ],
    [
        0.9499841332435608,
        0.914708137512207
    ],
    [
        0.9606046676635742,
        0.9339046478271484,
        0.6453806757926941,
        0.43311554193496704,
        0.3104599714279175
    ],
    [
        0.06516149640083313,
        0.036413487046957016
    ],
    [
        0.2959088087081909,
        0.014628523960709572
    ],
    [
        0.11914116144180298,
        0.03835504129528999
    ],
    [
        0.07436426728963852,
        0.05157982185482979
    ],
    [
        0.9839556813240051,
        0.8213568925857544,
        0.6275233626365662,
        0.3802025318145752
    ],
    [
        0.05314022675156593,
        0.01605873741209507
    ],
    [
        0.1041458398103714,
        0.02233789674937725
    ],
    [
        0.9644193053245544,
        0.542166531085968,
        0.32696160674095154
    ],
    [
        0.017997534945607185,
        0.008309721015393734
    ],
    [
        0.4396893382072449,
        0.0651807114481926
    ],
    [
        0.025108618661761284,
        0.0217275470495224
    ],
    [
        0.5487940311431885,
        0.21096856892108917
    ],
    [
        0.9653972387313843,
        0.4474821984767914,
        0.27315208315849304
    ],
    [
        0.12127529084682465,
        0.023497294634580612
    ],
    [
        0.04116857424378395,
        0.007090359460562468
    ],
    [
        0.43987637758255005,
        0.4177425503730774
    ],
    [
        0.48631495237350464,
        0.097587451338768
    ],
    [
        0.7118203639984131,
        0.6811468005180359,
        0.2698667347431183
    ],
    [
        0.6719925403594971,
        0.003203896339982748
    ]
]