val_acc = [0.8228703703703704, 0.8387962962962963, 0.8412037037037037, 0.835, 0.8269444444444445, 0.8269444444444445, 0.8257407407407408, 0.8225, 0.8242592592592592, 0.8223148148148148]
test_acc = [0.8201666666666667, 0.8401666666666666, 0.8376666666666667, 0.8328333333333333, 0.8296666666666667, 0.8275, 0.8238333333333333, 0.8211666666666667, 0.8188333333333333, 0.8166666666666667]
val_acc = [0.8326851851851852, 0.8456481481481481, 0.8441666666666666, 0.8412962962962963, 0.8356481481481481]
test_acc = [0.8266666666666667, 0.8391666666666666, 0.8348333333333333, 0.8331666666666667, 0.8266666666666667]
val_acc = [0.8291666666666667, 0.8387962962962963, 0.8398148148148148, 0.835, 0.8326851851851852]
test_acc = [0.8263333333333334, 0.8375, 0.8363333333333334, 0.8295, 0.8231666666666667]
val_acc = [0.8287037037037037, 0.8424074074074074, 0.8412037037037037, 0.8375925925925926, 0.8347222222222223]
test_acc = [0.8233333333333334, 0.8398333333333333, 0.8381666666666666, 0.8343333333333334, 0.8293333333333334]
val_acc = [0.832037037037037, 0.8440740740740741, 0.8422222222222222, 0.8382407407407407, 0.8378703703703704]
test_acc = [0.8296666666666667, 0.8386666666666667, 0.8371666666666666, 0.8365, 0.8321666666666667]
val_acc = [0.8352777777777778, 0.8423148148148148, 0.8400925925925926, 0.84, 0.8310185185185185]
test_acc = [0.8313333333333334, 0.8413333333333334, 0.8391666666666666, 0.8328333333333333, 0.8236666666666667]
val_acc = [0.8340740740740741, 0.8431481481481482, 0.8378703703703704, 0.8371296296296297, 0.8321296296296297]
test_acc = [0.826, 0.837, 0.8358333333333333, 0.8378333333333333, 0.8281666666666667]
