val_acc = [
    0.7838, 0.8005, 0.7940, 0.7953, 0.7924,
    0.7816, 0.7819, 0.7885, 0.7851, 0.7824,
    0.7852, 0.7861, 0.7850, 0.7891, 0.7856,
    0.7851, 0.7894, 0.7866, 0.7885, 0.7924,
    0.7908, 0.7930, 0.7927, 0.7926, 0.7914,
    0.7874, 0.7919, 0.7919, 0.7931, 0.7951,
    0.7953, 0.7971, 0.7947, 0.7968, 0.7920,
    0.8015, 0.7967, 0.7944, 0.8002, 0.7997
]
test_acc = [
    0.7808, 0.7997, 0.7987, 0.7928, 0.7928,
    0.7922, 0.7862, 0.7872, 0.7855, 0.7882,
    0.7848, 0.7800, 0.7850, 0.7885, 0.7823,
    0.7812, 0.7853, 0.7805, 0.7783, 0.7815,
    0.7868, 0.7858, 0.7858, 0.7865, 0.7897,
    0.7857, 0.7907, 0.7872, 0.7860, 0.7922,
    0.7882, 0.7915, 0.7913, 0.7920, 0.7932,
    0.7920, 0.7925, 0.7965, 0.7977, 0.7985
]

