val_acc = [  
    0.7980, 0.8083, 0.8068, 0.8012, 0.7956,
    0.7977, 0.7978, 0.7990, 0.8003, 0.7996,
    0.8007, 0.7981, 0.7989, 0.8001, 0.8011,
    0.7963, 0.7977, 0.8008, 0.8002, 0.8057,
    0.8028, 0.8047, 0.8040,
    0.8071, 0.8036, 0.8059, 0.8099, 
    0.8108, 0.8091, 0.8051, 0.8075, 
    0.8087, 0.8058, 0.8044, 0.8087, 0.8088
]
test_acc = [
    0.7955, 0.8092, 0.8073, 0.7962, 0.7868,
    0.7912, 0.7873, 0.7862, 0.7890, 0.7860,
    0.7935, 0.7895, 0.7903, 0.7942, 0.7915,
    0.7902, 0.7910, 0.7985, 0.7967, 0.8000,
    0.8022, 0.8073, 0.8025,
    0.8005, 0.8017, 0.8052, 0.8112,
    0.8090, 0.8040, 0.8065, 0.8090,
    0.8065, 0.8027, 0.8062, 0.8040, 0.8058
]